2025-2026 मĳय ŏदेश शासनगाईडलाइन Ń. गाईडलाइन Łथान भूखंड (वगƚमीटर) आवासीय
भवन (वगƚमीटर) ľयवसाƨयक भवन (वगƚमीटर)बहुमंƨजला भवन (वगƚमीटर)कृƨष भूƨम
(हेĨटेयर) कृƨष भूखंड (वगƚमीटर) आवासीयľयवसाƨयकऔźोƨगकआर.सी.सीआर.बी.सीƨटन
शेडकĬचा कवेलूदुकानकायाƚलयगोडाउनआवासीयľयवसाƨयक ƨसंƨचत अƨसंƨचतउपबंध अनुसार
आवासीयउपबंध अनुसार ľयावसाƨयक (1) (2) (3) (4) (5) (6) (7) (8) (9)(10)
(11) (12) (13) (14) (15) (16) (17) (18) शहरी Łथानीय ƨनकाय : Īवाƨलयर, उप
ŬेŊ : नगर ƨनगम Īवाƨलयर, वाडƚ : वाडƚ ०१, तहसील : Īवाƨलयर 1 20 सूŊीय नगर,
जनकताल 9,00013,500 9,00022,000 16,200 14,600 13,000 37,500 35,900 34,300
17,600 30,000 1,04,00,000 1,04,00,000 9,000 13,500 2 ए. बी. रोड 25,000
37,500 25,000 38,000 32,200 30,600 29,000 61,500 59,900 58,300 30,400
49,200 17,60,00,000 17,60,00,000 25,000 37,500 3ए0बी0 रोड से शंकरपुर
Ńेशर से Ņाम बरा होते हुए थर तक10,000 15,000 10,000 23,000 17,200 15,600
14,000 39,000 37,400 35,800 17,600 31,200 96,00,000 96,00,000 10,000
15,000 4 आदशƚ ƨमल रोड 18,000 27,000 18,000 31,000 25,200 23,600 22,000
51,000 49,400 47,800 24,800 40,800 8,00,00,000 8,00,00,000 18,000 27,000
5 आƨदवासीपुरा,जाटवपुरा,सरŁवती नगर 5,000 7,500 5,00018,000 12,200 10,600
9,00031,500 29,900 28,300 14,400 25,200 4,50,00,000 4,50,00,000 5,000
7,500 6बहोड़ापुर रोड़ से हटकर,पंचवटी कॉलोनी,फूलझड़ी कारखाना,सुभाष नगर,जाधव
कॉलोनी15,000 22,500 15,000 28,000 22,200 20,600 19,000 46,500 44,900
43,300 22,400 37,200 7,68,00,000 7,68,00,000 15,000 22,500 7 बरा रोड पर
15,000 22,500 15,000 28,000 22,200 20,600 19,000 46,500 44,900 43,300
22,400 37,200 1,84,00,000 1,84,00,000 15,000 22,500 8 बरा रोड से हटकर
10,000 15,000 6,00023,000 17,200 15,600 14,000 39,000 37,400 35,800
18,400 31,200 96,00,000 96,00,000 10,000 15,000 9 गरगज कॉलोनी 15,000
22,500 15,000 28,000 22,200 20,600 19,000 46,500 44,900 43,300 22,400
37,200 9,00,00,000 9,00,00,000 15,000 22,500 10 जय ƨबहार पƧरसर जाधव कोठी
20,000 30,000 20,000 33,000 27,200 25,600 24,000 54,000 52,400 50,800
26,400 43,200 3,20,00,000 3,20,00,000 20,000 30,000 पृŀठ 1 / 251 ƨवųीय
वषƚ : 2025-2026 ƨज़ला : Īवाƨलयर
Ń. गाईडलाइन Łथान भूखंड (वगƚमीटर) आवासीय भवन (वगƚमीटर) ľयवसाƨयक भवन
(वगƚमीटर)बहुमंƨजला भवन (वगƚमीटर)कृƨष भूƨम (हेĨटेयर) कृƨष भूखंड (वगƚमीटर)
आवासीयľयवसाƨयकऔźोƨगकआर.सी.सीआर.बी.सीƨटन शेडकĬचा कवेलू
दुकानकायाƚलयगोडाउनआवासीयľयवसाƨयक ƨसंƨचत अƨसंƨचतउपबंध अनुसार आवासीयउपबंध
अनुसार ľयावसाƨयक (1) (2) (3) (4) (5) (6) (7) (8) (9)(10) (11) (12) (13)
(14) (15) (16) (17) (18) 11 जेल रोड़ बहोड़ापुर ƨतराहे तक 25,000 37,500
25,000 38,000 32,200 30,600 29,000 61,500 59,900 58,300 30,400 49,200
15,00,00,000 15,00,00,000 25,000 37,500 12ƨजĴनातो का मोहļला
इŁलामपुरा,इŁलामपुरा, Łकूलवाली गली10,000 15,000 10,000 23,000 17,200
15,600 14,000 39,000 37,400 35,800 18,400 31,200 8,00,00,000 8,00,00,000
10,000 15,000 13 कैशोबाग,ƨकशनबाग 25,000 37,500 25,000 38,000 32,200
30,600 29,000 61,500 59,900 58,300 30,400 49,200 13,20,00,000
13,20,00,000 25,000 37,500 14आर.आर. टॉवर (बहोड़ापुर से ए.बी.रोड़ तक)
20,000 30,000 20,000 33,000 27,200 25,600 24,000 54,000 52,400 50,800
26,400 43,200 17,60,00,000 17,60,00,000 20,000 30,000 15 रामाजी का पुरा
रोड़ छोडकर 9,00013,500 9,00022,000 16,200 14,600 13,000 37,500 35,900
34,300 17,600 30,000 6,00,00,000 6,00,00,000 9,000 13,500 16साडा रोड़
मोतीझील , बदनापुरा होते हुए ƨतघरा रोड तक10,000 15,000 10,000 23,000
17,200 15,600 14,000 39,000 37,400 35,800 18,400 31,200 96,00,000
96,00,000 10,000 15,000 17यातायात नगर Ĵयू दाल बाजार / नवीन लोहा मİडी
लोƨहया बाजार एवं दाल बाजार शंकरपुर यातायात नगर के पीछे लƅमीपुरम
कॉलोनी20,000 30,000 20,000 33,000 27,200 25,600 24,000 54,000 52,400
50,800 26,400 43,200 13,60,00,000 13,60,00,000 20,000 30,000 पृŀठ 2 /
251 ƨवųीय वषƚ : 2025-2026 ƨज़ला : Īवाƨलयर
Ń. गाईडलाइन Łथान भूखंड (वगƚमीटर) आवासीय भवन (वगƚमीटर) ľयवसाƨयक भवन
(वगƚमीटर)बहुमंƨजला भवन (वगƚमीटर)कृƨष भूƨम (हेĨटेयर) कृƨष भूखंड (वगƚमीटर)
आवासीयľयवसाƨयकऔźोƨगकआर.सी.सीआर.बी.सीƨटन शेडकĬचा कवेलू
दुकानकायाƚलयगोडाउनआवासीयľयवसाƨयक ƨसंƨचत अƨसंƨचतउपबंध अनुसार आवासीयउपबंध
अनुसार ľयावसाƨयक (1) (2) (3) (4) (5) (6) (7) (8) (9)(10) (11) (12) (13)
(14) (15) (16) (17) (18) शहरी Łथानीय ƨनकाय : Īवाƨलयर, उप ŬेŊ : नगर ƨनगम
Īवाƨलयर, वाडƚ : वाडƚ 02, तहसील : Īवाƨलयर 18 भूतेĿवर कॉलोनी 10,000
15,000 10,000 23,000 17,200 15,600 14,000 39,000 37,400 37,400 18,400
31,200 8,00,00,000 8,00,00,000 10,000 15,000 19 भूतेƁर मंƨदर से हनुमान
घाटी मेन रोड़ 15,000 22,500 15,000 28,000 22,200 20,600 19,000 46,500
44,900 43,300 22,400 37,200 10,00,00,000 10,00,00,000 15,000 22,500 20
घोसीपुरा Łटেশন रोड़ 15,000 22,500 15,000 28,000 22,200 20,600 19,000
40,500 44,900 43,300 22,400 37,200 10,00,00,000 10,00,00,000 15,000
22,500 21घोसीपुरा, कटीघाटी सıयनारायण की टेकरी,कटीघाटी झाडू वाला
मोहļला,ƨशव नगर रोड से हटकर10,000 15,000 10,000 23,000 17,200 15,600
14,000 39,000 37,400 35,800 18,400 31,200 5,60,00,000 5,60,00,000 10,000
15,000 22 कĬची सराय ए. बी. रोड पर 25,000 37,500 25,000 38,000 32,200
30,600 29,000 61,500 59,900 58,300 30,400 49,200 16,00,00,000
16,00,00,000 25,000 37,500 23मजदूरƬ की बŁती , मुसलमानƬ की बŁती , पंचशील
नगर , डॉ. अĹबेडकर नगर , कुशवाह मोहļला8,00012,000 8,00021,000 15,200
13,600 12,000 36,000 34,400 32,800 16,800 28,800 6,40,00,000 6,40,00,000
8,000 12,000 24 रामदास घाटी मेĴटल हािŁपटल रोड़ 25,000 37,500 25,000
38,000 32,200 30,600 29,000 61,500 59,900 58,300 30,400 49,200
16,00,00,000 16,00,00,000 25,000 37,500 25 शķद ŏताप आŕम ( मुĩय रोड पर
) 30,000 45,000 30,000 43,000 37,200 35,600 34,000 69,000 67,400 65,800
34,400 55,200 12,00,00,000 12,00,00,000 30,000 45,000 26 उरवाई गेट (
मुĩय रोड पर ) 30,000 45,000 30,000 43,000 37,200 35,600 34,000 69,000
67,400 65,800 34,400 55,200 12,00,00,000 12,00,00,000 30,000 45,000
27उरवाई गेट ( मुĩय रोड से हटकर ),ƨसंƨधया नगर,सूयƚ नगर,ŏगƨत नगर,रामपुरी
मोहļला20,000 30,000 20,000 33,000 27,200 25,600 24,000 54,000 52,400
50,800 26,400 43,200 9,00,00,000 9,00,00,000 20,000 30,000 28ƨवनय नगर से
लगा ŬेŊ आउखाना, केशोबाग, ƨकशनबाग25,000 37,500 25,000 38,000 32,200
30,600 29,000 61,500 59,900 58,300 30,400 49,200 13,20,00,000
13,20,00,000 25,000 37,500 29शķद ŏताप आŕम (मुĩय रोड से हटकर)महावीर
कॉलोनी सुनारƬ की बƨगया20,000 30,000 20,000 33,000 27,200 25,600 24,000
54,000 52,400 50,800 26,400 43,200 9,00,00,000 9,00,00,000 20,000 30,000
पृŀठ 3 / 251 ƨवųीय वषƚ : 2025-2026 ƨज़ला : Īवाƨलयर
Ń. गाईडलाइन Łथान भूखंड (वगƚमीटर) आवासीय भवन (वगƚमीटर) ľयवसाƨयक भवन
(वगƚमीटर)बहुमंƨजला भवन (वगƚमीटर)कृƨष भूƨम (हेĨटेयर) कृƨष भूखंड (वगƚमीटर)
आवासीयľयवसाƨयकऔźोƨगकआर.सी.सीआर.बी.सीƨटन शेडकĬचा कवेलू
दुकानकायाƚलयगोडाउनआवासीयľयवसाƨयक ƨसंƨचत अƨसंƨचतउपबंध अनुसार आवासीयउपबंध
अनुसार ľयावसाƨयक (1) (2) (3) (4) (5) (6) (7) (8) (9)(10) (11) (12) (13)
(14) (15) (16) (17) (18) शहरी Łथानीय ƨनकाय : Īवाƨलयर, उप ŬेŊ : नगर ƨनगम
Īवाƨलयर, वाडƚ : वाडƚ 03, तहसील : Īवाƨलयर 30डी. आर. पी. लाईन ƨवनय नगर के
सामने बहोड़ापुर ƨतराहा तक ( मुĩय रोड )25,000 37,500 25,000 38,000 32,200
30,600 29,000 61,500 59,900 58,300 30,400 49,200 12,00,00,000
12,00,00,000 25,000 37,500 31फोटƚ ľयू कॉलोनी,गहोई कॉले◌ानी, Ĵयू फोटƚ
ľयू कॅ◌ालोनी, आउखाना25,000 37,500 25,000 38,000 32,200 30,600 29,000
61,500 59,900 58,300 30,400 49,200 12,00,00,000 12,00,00,000 25,000
37,500 32 घोसीपुरा Łटेशन रोड़ 15,000 22,500 15,000 28,000 22,200 20,600
19,000 46,500 44,900 43,300 22,400 37,200 10,00,00,000 10,00,00,000
15,000 22,500 33 कोटेĿवर रोड,ƨवनय नगर के दोनƬ ओर 25,000 37,500 25,000
38,000 32,200 30,600 29,000 61,500 59,900 58,300 30,400 49,200
14,40,00,000 14,40,00,000 25,000 37,500 34 रामदास घाटी मेĴटल हॉŁपीटल
रोड 25,000 37,500 25,000 38,000 32,200 30,600 29,000 61,500 59,900
58,300 30,400 49,200 16,00,00,000 16,00,00,000 25,000 37,500 35 शķद
ŏताप आŕम ( मुĩय रोड पर ) 30,000 45,000 30,000 43,000 37,200 35,600
34,000 69,000 67,400 65,800 34,400 55,200 12,00,00,000 12,00,00,000
30,000 45,000 36शķद ŏताप आŕम ( मुĩय रोड से हटकर ) 20,000 30,000 20,000
33,000 27,200 25,600 24,000 54,000 52,400 50,800 26,400 43,200
9,00,00,000 9,00,00,000 20,000 30,000 37ƨववेक ƨवहार कॉलोनी,घोसीपुरा,
रामगढ़,दुगƚ ƨवहार कॉलोनी,मानस ƨवहार,मेĴटल हॉŁपीटल के Ĩवाटƚर, डी. आर.
पी. लाईन कॉलोनी,पंजाबी बाडा,राम नगर,ŕी ƨवहार कॉलोनी,खटके साहब की
छŊी15,000 22,500 15,000 28,000 22,200 20,600 19,000 46,500 44,900 43,300
22,400 37,200 9,00,00,000 9,00,00,000 15,000 22,500 38ƨवनय नगर सेĨटर 1 ,
2 , 3 , 4 , . कांटे साहब का बैग ƨवनय नगर से लगा ŬेŊ आउखाना केशोबाग
ƨकशनबाग25,000 37,500 25,000 38,000 32,200 30,600 29,000 61,500 59,900
58,300 30,400 49,200 16,00,00,000 16,00,00,000 25,000 37,500 पृŀठ 4 /
251 ƨवųीय वषƚ : 2025-2026 ƨज़ला : Īवाƨलयर
शहरी Łथानीय ƨनकाय : Īवाƨलयर, उप ŬेŊ : नगर ƨनगम Īवाƨलयर, वाडƚ : वाडƚ 25, तहसील : मुरार 315 6 नं. चौराहे से एस.एल. पी.
रोड तक 30,000 45,000 30,000 43,000 37,200 35,600 34,000 69,000 67,400
65,800 34,400 55,200 20,00,00,000 20,00,00,000 30,000 45,000 316 सात
नĹबर चौराहे से लेदर फैĨटƢी तक 40,000 60,000 40,000 53,000 47,200
45,600 44,000 84,000 82,400 80,800 42,400 67,200 16,00,00,000
16,00,00,000 40,000 60,000 317आƨदıय नगर , राघवपुरम , सूरी का बगीचा ,
सूरी नगर , सूयƚ नगर20,000 30,000 20,000 33,000 27,200 25,600 24,000
54,000 52,400 50,800 26,400 43,200 12,96,00,000 12,96,00,000 20,000
30,000 318आजाद नगर,Ńŀणपुरी,नया संतर,रामकला नगर, Ƨरवरľयू
कॉलोनी,नारकोƨटĨस कॉलोनी,गणेश कॉलोनी20,000 30,000 20,000 33,000 27,200
25,600 24,000 54,000 52,400 50,800 26,400 43,200 16,96,00,000
16,96,00,000 20,000 30,000
